d502
374
373
390
375
397
342
446
393
423
402
366
400
379
384
468
377
383
342
293
366
468
378
292
362
264
365
348
418
347
348
383
432
388
386
393
311
415
478
395
398
315
374
380
410
367
419
405
340
404
349
343
427
372
373
366
388
345
393
397
383
326
395
320
352
433
360
329
347
388
516
373
424
412
390
396
411
375
328
372
319
318
392
325
432
393
308
404
404
435
302
444
399
377
377
393
349
381
406
438
346
359
435
394
391
309
377
352
386
387
402
342
390
408
418
363
399
432
313
354
348
413
415
341
348
306
331
477
297
415
334
462
378
357
349
381
348
406
392
408
392
283
441
450
433
370
419
448
380
389
332
363
381
399
361
365
357
415
340
329
371
465
431
318
432
346
380
403
460
327
445
435
446
385
336
457
328
355
339
385
442
378
421
306
369
358
399
390
368
428
449
438
301
383
360
401
390
378
337
404
366
356
425
411
373
416
418
290
340
279
381
421
411
458
435
319
390
322
393
366
321
319
469
392
378
336
396
376
439
343
344
401
329
374
388
396
343
412
343
350
426
407
381
348
533
362
375
430
390
387
338
346
416
418
414
343
372
484
354
394
411
432
449
294
427
376
344
338
380
341
400
270
393
359
332
461
395
311
455
426
409
362
383
342
369
414
426
395
387
315
383
345
324
397
466
392
356
434
399
385
366
411
381
356
339
403
334
425
351
381
398
341
413
394
387
303
406
385
321
408
393
317
377
338
406
331
378
343
371
365
402
427
376
391
361
371
323
309
375
373
329
355
340
494
398
403
364
427
362
394
383
361
338
439
401
385
409
369
512
354
360
369
356
396
353
307
367
394
380
318
395
303
400
445
438
340
346
344
396
347
432
432
362
365
362
399
420
391
415
402
446
389
417
386
359
324
303
390
392
384
410
442
372
359
419
399
366
350
412
352
428
434
358
307
366
390
403
383
436
421
295
340
332
340
408
337
400
468
367
393
294
372
375
388
381
446
358
334
306
397
480
352
382
412
332
375
348
309
393
368
433
412
378
362
329
419
417
386
350
417
364
346
379
355
403
436
342
489
382
392
431
394
340
344
373
403
435
440
439
324
436
401
440
362
375
319
388
329
362
442
392
358
363
368
341
304
378
391
448
444
365
320
434
373
342
391
425
406
331
322
395
417
367
423
434
348
365
392
322
405
297
355
348
374
533
359
376
400
358
374
340
447
395
387
391
348
423
391
380
389
336
446
359
420
379
374
314
358
374
376
410
307
379
361
324
372
446
424
324
356
311
428
404
364
337
383
363
471
343
314
400
369
354
383
399
440
357
338
418
310
327
417
351
390
357
441
316
390
352
295
425
423
392
342
360
443
399
362
332
328
360
345
343
376
399
411
404
391
383
439
389
417
326
427
424
363
489
457
427
335
367
385
370
453
436
407
436
370
413
320
384
393
449
308
416
314
439
349
361
415
365
341
411
353
352
352
451
371
420
366
346
329
437
364
348
409
461
362
377
345
326
372
335
339
387
442
362
372
423
371
355
346
454
373
388
451
349
438
413
337
396
421
384
308
458
325
386
301
357
344
338
313
390
405
361
365
391
384
328
506
420
328
458
392
380
374
389
402
373
345
376
415
433
376
417
417
384
405
391
344
360
379
355
355
355
382
355
372
366
387
382
426
387
421
336
433
352
389
358
450
401
353
417
423
364
383
420
326
365
331
413
431
341
365
304
431
398
397
400
363
384
347
346
326
341
454
365
344
318
435
327
299
371
431
384
297
338
354
362
434
360
381
365
485
452
342
347
370
438
440
333
406
400
425
385
392
422
335
316
307
329
394
380
403
404
387
335
404
369
409
387
397
394
355
380
400
295
381
382
338
389
407
436
403
344
361
435
431
359
337
359
405
385
417
408
392
458
397
360
363
390
381
425
392
339
398
391
385
494
348
363
412
321
373
413
374
310
371
423
335
442
387
352
390
338
409
332
399
407
403
393
380
395
350
457
348
400
409
357
370
406
369
386
356
367
338
446
401
383
400
333
371
341
479
410
382
389
430
299
481
360
411
440
438
307
483
363
371
371
383
311
444
447
380
334
358
399
492
384
401
401
359
379
327
374
346
346
435
361
352
409
359
429
352
370
336
419
430
386
470
385
330
384
433
391
297
371
310
408
387
350
372
336
380
377
370
457
359
379
312
440
396
438
415
367
446
396
312
417
369
375
341
381
303
367
409
422
390
382
354
344
365
368
247
410
362
353
447
397
364
331
379
390
432
397
448
398
285
385
375
320
402
373
382
355
327
423
321
385
414
458
330
491
349
414
382
444
413
315
343
387
430
344
361
402
296
448
289
398
406
438
312
369
343
364
394
365
449
344
336
346
488
430
365
346
340
385
347
408
435
350
366
359
420
367
491
430
356
403
337
384
313
304
334
357
338
307
412
317
431
440
440
391
301
372
340
388
399
358
296
398
373
329
378
439
343
340
334
379
359
382
399
386
375
326
323
384
422
318
335
456
428
408
320
426
398
353
436
378
434
335
390
363
421
416
362
359
355
369
357
327
310
353
398
368
364
388
359
463
359
329
381
372
408
369
362
360
364
414
387
444
442
406
345
360
315
366
376
408
459
371
404
443
399
374
307
397
402
305
442
380
363
437
408
349
347
479
401
370
409
420
356
387
419
415
369
396
420
386
331
390
314
384
440
376
336
438
404
326
373
416
333
330
370
328
420
379
388
362
318
352
428
482
412
386
366
403
358
355
426
322
316
434
386
380
378
418
465
353
384
409
367
492
355
436
366
352
344
402
354
366
358
361
337
374
382
366
392
399
396
383
374
406
406
377
373
423
402
342
360
318
370
277
373
269
323
385
390
339
395
415
301
364
409
395
446
367
354
350
351
387
369
359
397
340
430
313
371
342
365
342
388
331
344
422
403
391
337
433
450
330
362
405
374
328
364
340
339
348
396
326
327
401
414
380
436
405
400
340
311
338
347
285
443
344
333
318
400
398
400
365
370
433
392
421
382
312
401
278
404
380
342
414
416
331
387
313
391
479
475
400
375
383
425
363
393
407
367
400
361
312
478
451
347
376
365
433
402
369
377
426
339
387
414
433
355
329
359
440
369
388
427
375
328
368
378
340
382
390
451
407
363
488
427
372
369
378
374
331
369
312
424
422
316
396
322
382
379
370
352
458
354
379
389
459
413
366
433
330
412
373
324
346
353
390
410
378
423
366
345
324
358
343
373
384
354
346
428
445
372
296
311
319
456
328
423
392
417
441
439
403
383
347
396
417
336
402
370
370
365
381
346
391
413
363
365
451
343
394
454
436
400
416
339
409
373
409
378
292
279
378
414
429
386
305
458
385
388
400
323
402
393
381
430
398
315
423
367
392
399
407
396
386
262
295
392
404
410
435
432
315
389
366
392
397
432
372
432
324
476
347
300
396
397
421
351
366
302
353
434
382
322
344
392
421
358
405
394
431
400
359
400
370
364
379
432
369
367
442
308
315
348
351
404
382
384
369
346
355
364
414
352
524
399
447
364
403
401
364
396
352
365
321
371
413
382
394
327
321
345
390
347
408
420
347
389
438
435
362
407
350
395
396
369
358
347
336
320
361
372
364
367
416
388
406
380
374
327
368
366
385
381
373
347
389
345
346
320
324
393
401
328
400
390
364
363
373
382
368
328
363
472
327
432
415
345
371
424
359
349
340
389
384
439
398
370
338
411
411
405
325
396
373
362
400
430
424
405
403
347
363
414
378
380
360
364
451
405
395
346
344
426
425
380
302
423
401
366
455
489
417
437
426
389
362
392
368
373
435
454
387
352
369
463
372
376
369
362
325
320
416
400
388
340
436
365
383
338
325
346
410
382
386
323
371
420
332
406
388
359
408
352
422
415
353
412
371
367
342
445
359
387
442
386
382
350
337
364
380
338
371
373
488
449
378
338
343
480
364
356
343
332
348
379
442
337
326
369
368
366
448
310
310
333
295
369
405
395
342
338
354
393
397
367
369
398
370
383
369
441
410
339
403
352
343
386
329
346
424
413
405
414
322
312
393
456
328
436
419
366
248
463
436
413
331
477
401
340
385
378
464
439
423
426
331
344
384
450
392
394
410
341
286
411
389
434
368
351
394
398
363
388
387
422
413
420
373
340
391
393
314
441
432
392
469
368
373
442
327
390
357
398
359
353
352
485
370
313
377
286
485
306
343
325
435
381
279
415
362
466
382
357
396
329
335
329
361
421
364
328
365
416
347
422
350
301
410
358
374
424
368
367
336
360
392
362
425
380
401
389
389
407
387
369
337
386
382
361
376
405
383
339
444
352
365
398
403
414
308
371
355
398
370
405
427
336
394
376
401
349
350
396
392
350
398
317
386
394
438
403
353
443
371
329
430
407
361
388
453
349
402
375
390
411
348
453
381
292
391
377
360
354
369
317
393
367
396
355
330
409
311
447
368
371
396
362
402
401
419
410
395
393
452
370
357
279
341
343
337
391
361
349
277
433
349
369
393
400
387
361
384
390
391
350
377
374
428
327
376
417
374
384
336
334
379
446
363
376
375
388
302
351
337
344
414
361
414
405
369
358
387
360
394
399
367
385
351
378
361
383
391
415
286
463
357
416
390
438
542
351
350
333
329
341
473
316
406
400
382
327
428
413
401
432
338
432
418
334
401
325
418
401
372
323
377
365
398
323
363
286
354
462
354
388
377
403
372
387
397
388
357
352
375
451
329
383
347
355
294
464
430
423
296
411
325
365
445
355
398
414
431
346
392
408
381
407
350
422
383
408
400
384
365
383
345
392
381
328
294
412
415
397
354
392
383
452
339
389
379
281
359
516
344
361
425
384
380
355
358
357
389
336
422
423
346
446
346
352
391
424
334
344
300
472
388
401
453
396
477
379
390
402
447
316
336
393
375
406
341
370
402
402
371
339
421
360
445
401
355
343
430
334
382
335
381
409
325
346
367
425
406
372
395
405
405
317
278
356
331
437
366
399
336
432
348
431
373
342
356
478
402
372
390
332
392
385
411
366
417
440
356
320
486
393
399
402
369
341
414
307
395
304
352
480
473
425
417
378
393
333
448
353
339
460
344
334
356
391
392
314
365
431
353
382
360
341
382
365
445
343
365
442
432
319
384
387
439
364
374
413
388
353
346
294
424
383
441
333
361
361
352
280
346
391
291
390
387
390
417
370
400
308
346
389
323
403
414
329
367
427
339
423
401
345
352
374
324
429
413
348
433
389
394
368
404
360
359
376
354
352
321
311
479
320
381
378
500
446
307
396
344
301
331
375
351
357
447
407
340
379
330
377
321
379
344
327
357
332
413
402
467
371
315
329
350
391
295
381
374
395
369
393
395
391
384
369
389
457
370
352
384
371
325
360
380
479
430
400
430
378
376
364
425
340
469
372
406
360
389
451
379
380
349
332
336
391
381
447
429
377
410
401
448
413
382
355
322
418
459
333
432
316
399
408
350
399
300
382
355
416
324
391
423
383
426
412
389
369
408
381
389
341
309
362
434
394
384
433
324
369
375
392
331
496
461
366
341
425
377
379
404
364
384
285
402
481
490
376
387
424
377
397
424
342
345
366
392
383
379
350
389
360
490
349
357
348
375
399
313
301
300
395
399
375
409
427
375
462
359
384
450
363
412
332
390
327
403
370
427
358
367
391
408
434
434
387
323
341
320
377
435
295
407
331
403
368
394
265
417
413
317
350
344
429
397
357
364
422
357
332
402
396
362
393
399
422
412
441
411
385
482
441
440
328
419
367
352
432
391
364
457
428
350
363
370
446
383
342
360
321
327
447
405
281
437
341
351
339
474
466
368
341
364
362
365
370
319
408
448
355
417
423
417
364
418
311
372
392
357
399
349
381
342
375
385
360
403
430
320
319
402
406
371
278
370
422
402
434
402
399
348
442
377
435
374
359
398
337
457
356
392
447
359
384
369
403
424
363
387
359
411
348
384
321
366
421
381
428
440
362
365
303
437
330
375
332
355
386
403
381
374
367
370
333
408
390
432
398
432
417
431
416
451
463
343
446
429
346
416
327
345
391
398
441
372
367
368
376
405
401
419
437
489
406
480
399
421
432
325
435
355
304
343
400
375
376
322
437
349
354
343
390
353
355
424
332
362
381
434
382
430
389
389
362
432
413
317
455
379
439
368
315
287
418
398
396
423
402
434
335
387
357
320
408
367
403
385
367
313
389
347
422
445
381
400
384
424
386
385
346
420
378
346
299
362
415
405
349
379
377
379
363
491
423
399
416
342
379
358
405
436
392
428
400
386
379
423
318
318
416
357
434
413
330
345
406
341
405
304
346
317
422
342
454
335
421
397
386
380
382
473
389
414
355
366
391
314
353
301
331
395
425
382
359
346
466
411
365
349
345
429
353
398
355
408
327
319
356
364
373
411
501
398
401
332
360
338
322
353
394
401
456
358
363
439
391
393
437
435
498
394
386
312
374
373
419
340
382
372
338
312
441
378
382
373
413
340
389
436
334
412
365
346
341
334
347
406
347
480
389
330
350
405
341
383
366
315
374
464
460
384
394
439
421
386
344
434
393
404
368
344
356
407
412
334
441
368
348
314
356
324
304
404
341
338
430
405
436
387
356
427
341
344
411
332
388
389
380
373
393
352
376
416
434
444
346
407
354
389
393
465
399
397
345
429
372
395
340
366
480
392
368
335
425
371
365
322
445
372
461
414
406
378
408
434
379
451
400
328
266
433
440
378
314
419
371
353
403
346
433
417
421
366
355
422
450
368
438
337
477
377
414
422
384
410
382
373
428
305
423
350
350
286
318
362
382
433
413
417
372
349
366
345
348
386
388
405
404
357
382
436
461
363
404
405
409
483
395
345
410
471
362
383
444
357
380
449
481
445
416
336
361
407
357
372
410
356
398
379
350
454
382
339
371
407
374
429
436
393
420
350
392
403
373
445
398
438
398
412
428
362
431
425
323
383
362
462
387
360
394
439
347
365
332
355
339
334
326
305
347
422
334
428
363
382
345
381
360
415
378
417
300
470
375
309
408
362
440
343
382
336
446
423
374
299
418
399
345
449
406
354
370
385
381
449
384
326
375
387
433
441
313
404
391
433
399
295
395
377
373
247
360
287
340
306
392
329
379
351
373
332
380
258
348
330
423
377
341
373
380
379
404
393
356
342
348
352
395
328
381
404
433
357
356
324
370
401
352
406
417
342
331
404
438
361
409
386
397
361
393
437
437
468
424
319
297
376
369
463
395
383
373
431
429
427
394
420
376
510
406
328
397
364
424
419
353
403
385
342
354
447
414
392
366
415
350
421
429
387
354
466
402
284
393
332
335
423
404
260
438
382
410
353
431
446
346
472
340
352
416
374
399
476
388
346
303
403
347
399
405
347
409
479
379
338
366
403
443
357
366
409
390
362
356
401
384
351
370
411
369
351
419
475
369
327
345
384
403
352
359
367
408
362
395
380
337
406
414
376
315
339
385
298
360
388
298
389
390
311
438
371
440
378
434
403
415
374
422
325
333
385
351
446
377
368
380
482
372
430
340
386
393
409
376
299
399
424
348
369
423
359
406
409
498
438
355
350
334
410
346
375
395
308
269
331
342
345
384
432
391
375
431
405
349
448
352
351
373
420
430
399
295
392
409
389
389
351
376
419
393
453
379
353
470
368
409
387
326
405
386
436
331
316
427
393
368
362
364
399
364
391
399
387
410
391
407
368
385
347
401
351
410
450
415
412
488
356
473
414
447
317
337
331
362
313
386
378
343
427
405
402
385
435
381
355
405
361
334
391
380
347
413
375
436
332
337
373
318
400
350
411
352
329
481
315
419
377
338
286
339
411
307
352
403
355
437
371
414
343
391
311
417
384
360
380
394
349
367
399
360
393
426
540
402
381
397
323
356
352
371
437
388
382
322
419
381
366
377
342
395
364
348
258
395
326
365
392
389
405
318
362
444
390
331
384
337
359
437
402
429
418
432
353
376
411
357
325
288
434
440
326
347
397
357
379
425
347
376
423
347
346
324
405
409
388
432
382
396
347
368
511
353
310
339
357
318
340
322
329
387
312
433
353
397
446
378
330
339
355
375
379
349
360
319
341
393
385
393
448
358
388
376
343
307
340
363
372
427
366
405
401
443
359
361
404
385
417
449
325
471
316
345
445
351
418
369
442
441
402
384
270
339
382
346
429
393
415
350
451
339
412
335
324
364
309
351
354
366
340
407
315
380
362
363
368
411
358
314
466
350
414
430
366
325
371
430
399
391
359
351
318
342
456
389
416
385
358
372
391
367
303
348
355
457
429
384
337
464
444
367
401
338
487
358
340
336
320
389
322
338
325
374
418
314
320
372
447
377
401
384
377
353
468
437
331
474
482
408
358
423
434
441
334
409
364
396
381
430
372
383
424
381
425
337
409
402
388
418
358
376
355
416
442
421
379
337
410
351
288
380
369
386
415
397
398
437
390
378
402
402
406
346
443
378
411
403
395
330
372
372
431
324
358
374
360
350
350
370
362
418
355
370
307
405
412
376
392
354
392
329
395
381
394
401
298
374
369
453
293
342
368
414
456
377
319
384
435
338
350
335
355
356
458
326
355
363
404
442
382
330
393
355
436
352
399
314
417
386
331
342
371
411
404
419
406
315
409
428
361
410
411
360
328
373
388
426
396
386
332
357
410
413
291
374
422
375
419
402
431
367
380
437
370
354
331
328
400
464
362
358
428
436
379
387
415
406
497
395
342
400
441
387
388
363
377
388
411
366
345
424
482
389
463
376
380
381
451
411
356
415
391
353
457
337
394
382
427
346
393
466
327
349
386
415
372
389
412
339
338
386
438
320
341
412
323
444
364
453
379
487
404
337
343
332
434
412
363
431
347
318
396
424
426
368
385
328
427
419
421
343
397
469
379
376
358
385
438
426
369
425
387
373
448
417
372
377
338
400
360
407
230
392
377
384
376
349
409
391
318
390
402
341
355
328
493
411
330
319
391
411
347
363
484
349
409
345
417
386
359
359
363
388
319
340
370
361
366
399
357
442
387
393
385
383
386
421
337
409
402
311
384
341
349
399
436
396
334
331
311
358
321
348
353
324
361
318
369
393
366
424
362
351
348
292
431
469
423
402
379
372
385
364
345
407
346
376
410
345
333
335
417
430
396
423
328
330
422
388
380
322
334
477
371
410
421
395
426
356
402
337
369
420
362
339
359
363
341
388
356
336
378
412
383
388
411
349
432
375
369
369
372
342
326
449
334
307
381
285
420
366
379
377
389
363
351
386
418
359
349
352
392
397
414
374
397
438
417
443
337
347
416
340
359
408
462
406
372
430
342
325
392
347
459
422
345
373
343
403
354
376
436
393
470
363
402
400
414
424
362
365
451
388
477
368
355
491
380
379
380
421
333
396
410
361
347
385
310
459
384
450
343
391
351
366
392
439
413
358
411
382
388
313
367
441
436
398
318
408
319
396
327
330
385
386
412
345
381
437
378
299
344
416
385
345
296
371
343
413
324
391
351
396
355
415
421
404
407
354
407
400
392
444
474
365
404
354
364
307
404
365
346
360
386
508
386
424
394
445
324
431
387
362
369
463
303
425
379
370
345
333
394
379
290
383
366
402
355
385
319
386
391
312
322
416
420
391
429
429
407
319
371
393
426
329
340
374
413
367
381
337
302
359
431
386
397
430
336
401
444
380
383
376
370
389
350
384
444
419
405
313
406
477
356
365
350
410
413
414
391
415
405
467
436
367
394
343
410
375
375
339
501
377
362
324
345
436
325
399
445
309
312
365
435
410
325
347
368
426
446
395
401
332
410
450
336
340
338
409
318
369
458
426
352
431
413
445
377
325
399
389
426
384
397
359
372
372
411
380
373
350
370
343
368
454
389
380
440
355
354
405
291
313
415
385
413
384
308
331
418
395
432
373
434
395
345
364
326
302
420
438
470
296
337
317
403
418
370
366
351
329
367
378
405
411
416
444
334
397
337
307
410
408
396
398
434
365
316
363
421
362
405
358
330
321
288
301
397
390
367
310
390
508
387
377
383
356
370
413
343
366
370
431
335
398
394
375
415
419
351
392
303
411
368
391
354
393
409
400
294
420
324
433
427
443
335
402
441
397
387
421
402
411
324
350
346
425
474
368
352
382
381
345
432
386
353
398
322
443
326
369
350
374
313
351
357
351
441
322
338
363
429
370
314
435
350
361
390
355
450
372
391
341
391
504
394
339
393
405
500
342
313
307
390
310
345
372
424
421
369
370
456
347
407
374
343
346
350
305
351
377
389
472
524
405
377
377
396
389
435
347
453
404
401
375
365
405
346
442
405
424
431
297
330
370
349
397
312
419
330
371
386
395
408
369
343
398
348
423
342
429
448
362
354
412
436
346
374
406
342
432
432
380
233
433
434
341
345
412
374
355
404
408
348
363
326
395
357
413
338
410
359
415
391
362
331
423
390
314
392
344
446
383
364
338
393
330
386
379
418
412
436
375
390
403
378
328
439
382
382
330
348
331
341
345
368
340
421
346
378
451
342
340
465
452
436
369
389
398
397
391
364
384
286
405
448
242
399
399
389
364
374
374
406
383
351
450
372
375
343
432
391
345
363
305
454
363
413
376
374
380
422
341
340
341
419
405
349
432
395
381
430
344
429
391
393
455
370
498
347
375
307
298
359
381
404
364
379
347
330
319
396
417
374
383
416
425
317
408
452
376
385
377
318
445
394
335
344
349
374
366
317
379
456
435
320
301
370
470
396
433
418
361
349
349
398
320
348
413
457
440
436
363
413
365
319
437
453
340
391
344
400
341
359
375
388
415
428
411
412
410
378
380
351
399
342
389
360
453
404
354
369
405
361
364
411
381
400
358
421
439
366
394
322
413
436
367
282
345
313
352
428
325
398
401
375
321
429
338
383
334
378
376
416
377
383
355
352
389
361
408
443
415
393
397
340
397
398
322
428
381
377
402
330
386
371
277
395
390
366
380
337
392
375
340
409
359
401
427
462
383
351
419
411
367
370
374
356
369
377
387
420
382
486
410
445
341
307
381
416
394
388
446
384
317
449
402
393
366
378
350
374
389
440
433
383
396
309
413
359
360
332
399
436
306
365
446
367
428
423
426
343
434
453
342
414
391
398
397
377
327
435
339
324
288
393
413
330
340
315
344
434
425
389
391
413
345
382
443
417
347
386
359
367
369
415
382
324
437
377
377
426
418
287
375
449
330
377
394
426
415
422
416
402
306
364
344
427
390
395
380
378
390
309
393
359
342
309
360
325
409
392
375
491
340
425
398
385
459
352
343
416
323
357
455
390
380
422
345
414
326
434
389
417
394
400
522
416
417
466
448
392
369
457
441
394
423
406
403
437
419
359
459
393
342
401
404
373
442
313
346
443
480
338
321
298
379
359
395
316
398
366
428
343
309
382
347
428
393
323
398
375
333
377
353
423
387
318
426
428
367
372
378
320
354
493
396
301
409
369
399
384
353
381
429
364
376
445
359
409
413
380
342
395
394
374
387
368
317
433
299
404
365
392
354
348
411
447
466
393
362
354
381
342
378
372
364
359
381
399
337
393
452
442
353
376
352
376
347
391
406
425
296
366
454
310
495
399
398
357
384
375
290
442
304
449
371
400
466
365
362
402
430
377
372
337
332
321
330
320
404
353
450
317
413
399
359
348
337
446
425
350
344
435
383
373
357
384
463
393
398
375
346
323
422
457
349
381
434
404
351
352
325
423
360
349
388
400
423
416
373
331
334
397
347
334
395
394
350
396
387
359
461
392
352
355
388
310
403
393
426
373
396
400
369
397
443
373
398
415
351
404
348
383
446
386
374
360
407
377
417
333
394
438
374
412
383
383
371
382
385
391
371
281
429
446
426
336
338
326
426
377
306
395
349
349
382
337
370
311
323
325
374
386
376
314
368
358
374
437
380
386
389
386
260
366
390
396
426
353
436
388
396
348
375
358
371
434
376
413
361
410
333
445
324
381
354
431
360
442
330
379
351
310
456
343
426
354
425
437
389
380
427
341
427
400
339
350
354
327
364
409
384
395
362
367
393
327
342
435
433
382
296
310
405
369
309
356
394
415
364
303
320
434
405
404
439
361
301
279
445
365
309
349
397
418
395
373
382
361
294
378
406
398
442
383
335
427
392
344
417
428
310
382
333
277
380
374
419
325
459
348
300
364
334
372
271
419
353
353
436
391
353
374
363
376
340
352
382
376
298
412
320
430
401
335
409
376
334
373
331
415
389
327
434
433
433
435
373
405
382
450
328
422
328
408
405
332
401
294
403
322
381
395
362
394
386
394
471
382
404
449
373
364
397
396
350
353
342
349
355
402
391
373
337
403
401
464
403
306
462
346
393
378
345
315
359
390
293
477
355
375
352
357
305
346
428
450
392
407
344
316
389
332
383
365
356
340
376
342
379
421
410
350
317
393
336
407
365
362
383
380
339
405
372
402
321
372
410
316
376
332
392
476
416
398
303
427
397
374
352
357
435
422
360
441
394
406
455
344
367
400
388
358
405
382
359
409
355
342
316
375
436
345
385
341
394
336
468
432
401
369
289
416
345
395
310
442
392
430
386
336
358
379
349
291
330
356
433
354
361
322
395
326
407
327
346
376
359
391
353
333
416
349
392
411
320
387
406
302
400
382
412
413
395
405
383
396
317
354
378
417
371
371
379
399
307
387
362
402
456
396
462
405
350
408
296
349
333
404
359
323
304
374
459
382
392
415
291
388
369
336
467
391
325
465
389
370
363
395
363
345
374
435
382
384
442
315
383
330
348
436
351
399
351
396
371
386
381
416
360
356
393
294
358
296
402
401
302
382
401
397
367
373
330
353
380
360
350
343
408
352
412
358
359
418
392
364
364
329
355
344
337
439
341
321
411
407
412
355
376
386
438
436
395
340
365
289
389
355
375
383
353
399
398
377
439
461
372
390
396
450
393
372
388
431
408
359
499
399
429
466
409
413
397
370
399
326
365
332
373
473
417
376
312
357
327
388
384
345
420
412
421
446
442
350
384
359
383
335
341
358
363
385
363
415
352
440
370
368
352
263
450
477
330
373
493
431
495
368
381
426
384
403
356
410
395
381
312
317
323
331
337
458
367
383
434
437
348
454
400
434
397
417
432
364
363
426
380
426
367
397
416
345
369
347
410
327
420
418
346
399
428
377
375
409
341
364
422
382
391
346
381
400
355
379
381
392
362
369
386
409
391
428
387
425
375
344
432
406
351
414
459
430
348
345
315
379
433
358
323
330
414
404
339
341
378
367
421
339
375
336
399
406
468
365
350
476
342
435
374
326
407
395
356
457
415
384
435
383
384
378
350
425
354
455
410
361
357
361
355
373
389
406
491
463
382
373
297
375
406
348
419
456
400
332
248
406
367
411
363
417
378
380
461
435
374
346
387
413
388
359
388
345
366
425
355
329
431
434
384
341
362
317
326
357
426
339
390
409
351
355
360
444
309
415
344
395
407
404
419
343
340
422
437
338
389
400
466
341
377
270
397
370
394
381
352
395
372
444
280
339
379
428
400
394
357
434
379
383
410
400
385
401
392
352
380
384
365
382
433
441
382
347
367
348
358
357
365
357
410
317
323
376
391
369
375
460
396
422
372
441
400
364
376
362
393
358
398
324
377
429
409
437
410
414
362
435
412
323
469
409
374
399
345
322
359
454
353
356
358
398
455
393
439
376
299
354
404
374
438
305
366
393
439
426
405
369
455
501
364
294
372
432
365
363
405
365
342
399
390
360
350
495
329
353
342
357
330
360
436
481
419
345
364
357
448
345
330
362
368
349
389
386
376
363
365
383
397
355
376
424
383
416
397
336
445
410
467
417
411
423
396
340
325
415
391
465
343
353
390
382
342
313
437
359
384
367
415
391
398
322
368
402
318
372
317
362
366
384
355
431
429
340
399
375
381
427
365
344
434
368
415
403
383
336
369
407
434
417
376
444
377
356
467
354
439
355
373
374
461
376
294
372
347
426
416
426
401
358
414
337
363
423
349
435
395
380
387
351
405
352
415
379
341
405
413
365
324
325
375
371
376
445
400
385
322
353
379
323
394
366
411
335
333
322
392
356
352
428
438
382
347
402
374
332
381
440
341
326
393
456
311
411
409
380
361
390
438
337
332
409
385
313
319
328
358
337
407
349
334
458
391
375
382
443
413
410
368
388
384
425
425
385
355
411
480
316
387
302
374
374
378
358
317
315
342
442
419
343
407
344
348
379
346
426
394
381
361
428
404
387
419
387
413
411
384
409
396
419
348
405
457
419
349
392
398
359
358
396
399
280
340
413
466
462
409
390
363
358
321
349
344
393
478
340
376
387
365
454
418
436
360
456
347
356
349
385
372
306
410
404
373
360
351
366
386
327
440
389
443
452
339
364
440
403
384
415
359
424
355
373
419
383
434
338
330
404
411
349
401
354
390
389
433
454
386
350
391
370
491
405
390
334
396
393
411
292
370
337
373
411
344
451
357
448
396
441
418
332
353
417
324
398
368
343
391
372
366
359
379
385
328
364
388
365
364
362
315
327
391
363
327
404
400
351
398
421
426
353
350
403
436
328
461
358
399
308
403
354
370
403
397
506
446
388
408
399
381
345
368
477
419
387
365
387
348
379
402
422
418
367
345
381
358
393
367
361
322
355
369
410
415
364
425
403
416
373
330
374
366
343
285
391
363
337
473
339
364
393
344
320
417
401
330
338
292
409
319
412
363
284
404
328
408
371
441
393
391
360
398
271
356
416
418
422
311
353
340
384
379
350
442
350
362
413
356
455
338
395
376
376
408
341
327
337
366
470
392
342
392
422
368
365
430
356
373
411
453
375
362
384
429
423
375
352
339
454
352
374
372
367
438
315
379
314
388
372
308
338
442
417
399
414
392
393
372
445
416
399
356
376
357
401
440
469
346
405
373
371
375
329
368
390
319
347
412
408
402
368
357
456
389
345
342
410
333
326
355
306
385
405
355
339
377
383
357
311
346
406
421
443
343
428
370
363
285
330
374
431
470
330
371
372
315
331
343
366
389
374
406
383
335
420
419
306
348
466
310
388
376
386
388
449
320
478
377
419
377
392
357
402
411
406
352
340
359
396
409
332
369
362
443
393
350
413
353
371
390
424
302
398
384
364
367
397
309
330
380
345
379
342
364
406
423
385
345
325
353
347
386
340
298
423
413
397
332
332
456
413
343
380
327
402
394
368
354
336
436
458
377
394
384
359
393
400
336
381
321
412
390
408
384
379
353
384
434
405
361
385
414
383
322
375
372
312
394
421
351
390
408
373
397
388
329
371
361
333
389
338
358
457
451
327
381
345
317
399
419
349
394
286
384
332
446
421
335
386
415
405
309
325
438
403
349
401
347
421
373
390
296
395
282
399
342
338
302
374
337
383
444
391
388
341
299
407
354
409
367
446
311
370
333
410
413
381
322
429
368
386
394
379
347
323
426
432
375
394
366
351
424
418
412
404
367
395
489
340
415
424
316
457
398
296
372
317
406
380
352
370
325
346
408
467
415
382
430
437
406
397
379
321
408
468
313
292
399
372
365
410
429
360
360
382
337
451
401
431
428
396
437
394
364
408
339
351
439
399
294
361
459
385
406
353
380
353
305
376
359
380
401
369
336
399
392
420
311
276
375
393
343
372
469
401
412
374
368
403
361
384
345
413
359
417
390
422
369
388
406
403
378
388
425
386
383
344
409
364
414
447
421
405
410
404
432
352
368
347
399
362
319
315
419
414
402
407
338
344
379
410
428
402
359
413
343
404
425
368
306
478
402
330
401
404
468
433
345
399
377
456
334
428
373
459
318
335
433
356
431
298
370
384
400
372
358
388
378
404
368
342
411
347
404
329
353
359
271
432
342
359
426
411
376
405
336
352
414
378
319
392
365
328
383
374
427
379
371
353
392
376
408
403
369
370
387
339
339
345
339
362
380
381
420
463
345
347
359
427
340
407
402
491
376
378
376
348
437
341
423
509
410
397
418
349
390
409
373
348
346
392
360
399
416
345
446
333
400
401
370
405
385
365
384
387
412
350
324
357
380
362
415
346
349
341
387
309
430
416
452
388
380
395
448
352
387
392
336
436
371
368
340
328
299
452
336
325
350
367
412
379
413
404
379
367
367
407
383
324
300
372
338
345
353
386
344
470
403
356
393
435
305
392
376
380
428
343
375
360
395
406
395
296
381
382
324
343
420
325
395
400
353
329
363
320
415
386
436
442
392
403
325
392
328
404
381
467
342
335
381
333
355
436
369
375
419
408
399
353
373
407
345
405
361
405
398
435
431
331
433
436
358
422
397
371
300
425
354
409
360
419
428
369
419
389
361
393
417
384
364
335
352
439
381
376
390
388
458
341
439
411
404
423
357
432
322
362
348
352
404
379
383
395
437
400
315
385
400
351
343
415
388
375
401
458
374
356
376
425
321
405
410
339
436
422
337
398
393
397
449
398
371
353
354
344
383
433
440
308
315
425
355
435
424
364
342
312
451
342
390
437
353
356
316
402
360
393
397
458
396
357
402
350
401
436
373
339
445
338
347
431
348
381
411
442
362
355
370
413
372
363
367
351
436
361
379
363
393
361
358
349
411
359
406
403
394
385
399
382
408
407
315
320
445
318
389
441
365
335
398
350
283
367
378
385
409
430
353
362
390
410
313
421
362
398
351
362
338
294
325
402
323
392
429
371
367
448
367
385
312
337
347
284
412
380
425
409
357
427
349
398
487
422
404
349
450
328
339
440
363
339
276
343
416
418
375
466
383
354
372
293
289
461
287
437
387
420
370
521
347
442
370
335
399
428
341
344
347
422
452
365
401
343
384
416
407
399
401
398
307
382
428
365
378
322
379
298
378
372
369
377
397
328
432
333
303
396
370
354
470
464
341
328
367
349
372
334
367
399
376
407
426
364
449
325
365
352
368
397
385
357
418
349
416
333
301
404
459
416
342
389
321
422
319
438
306
383
395
443
377
403
410
344
385
369
444
392
341
448
412
365
425
357
366
420
386
339
426
370
399
391
383
428
358
424
352
366
404
366
431
401
356
293
359
391
354
374
433
412
370
367
383
350
406
395
395
392
376
387
415
379
314
364
394
323
370
329
347
383
385
458
397
372
419
376
391
457
409
464
390
373
347
369
376
404
360
367
463
373
345
374
335
473
392
322
393
457
406
412
391
376
374
454
324
324
395
400
377
440
376
372
396
366
354
368
337
386
335
428
368
387
341
425
362
463
359
388
362
293
331
378
376
324
403
313
322
355
429
358
312
342
360
409
337
423
401
350
381
403
426
308
441
353
444
402
390
401
373
429
401
458
472
443
329
339
356
357
409
418
387
343
355
432
374
428
408
394
300
364
385
385
509
380
345
464
380
398
400
376
350
410
424
405
401
355
348
390
455
375
437
348
398
390
394
420
350
321
284
334
355
342
420
369
389
360
360
353
391
439
447
437
364
344
407
376
354
384
390
336
390
454
417
393
342
394
312
340
364
447
332
330
375
429
431
400
416
427
337
382
331
392
404
386
402
398
365
446
363
509
343
387
345
372
443
335
372
392
378
345
411
410
306
472
367
412
469
386
406
492
432
424
366
345
294
354
426
372
348
361
401
348
446
423
364
328
353
308
373
432
388
426
361
371
425
333
343
337
357
442
371
385
381
371
411
387
424
415
308
460
341
367
410
364
404
295
405
285
331
409
413
428
349
444
339
402
340
408
385
338
344
379
397
346
392
388
360
438
328
412
393
303
437
347
363
388
400
332
357
399
341
382
372
427
328
369
331
393
377
380
347
351
381
356
298
411
458
424
449
365
387
357
417
381
417
438
430
363
294
409
365
392
361
361
364
413
410
360
438
409
375
347
416
415
432
377
415
342
418
343
373
385
427
428
420
405
378
471
367
470
425
421
368
381
390
327
308
387
353
425
364
458
301
338
409
356
384
378
359
359
379
389
416
403
484
281
421
400
303
347
357
359
381
307
298
371
358
405
396
362
377
410
298
336
396
480
345
324
375
403
365
421
337
292
396
419
391
395
359
402
362
315
351
340
408
324
378
386
392
389
291
319
380
384
399
357
317
418
353
356
400
496
344
359
409
314
334
383
374
472
461
359
345
316
378
307
372
369
392
389
461
426
357
369
338
369
423
348
316
429
317
367
428
356
340
339
380
402
370
406
331
392
380
358
382
394
352
431
335
390
341
373
399
356
350
388
430
424
428
336
384
362
378
390
390
374
396
419
481
386
411
408
378
347
328
400
394
414
431
394
402
397
478
381
401
393
320
461
380
410
327
333
372
403
359
362
321
304
380
416
387
335
347
398
405
380
414
408
362
355
318
447
444
355
359
333
382
375
393
410
306
361
377
409
341
359
316
347
397
318
436
458
377
436
396
384
367
320
425
354
385
426
360
294
348
438
431
300
401
393
424
381
347
350
411
349
415
434
394
415
340
421
402
272
365
387
350
335
436
351
409
353
384
396
333
363
353
405
436
362
392
360
423
426
410
276
394
325
351
417
333
323
377
414
323
436
437
351
370
469
371
371
334
436
395
375
307
383
446
353
349
375
398
352
303
426
349
385
343
367
343
408
445
381
377
369
384
360
366
394
351
365
426
347
323
373
427
348
383
358
356
334
376
372
380
368
341
379
412
346
431
382
346
442
430
378
373
310
380
404
435
432
315
378
382
402
419
428
343
318
367
453
386
409
350
422
351
412
404
419
362
360
312
395
379
409
336
408
384
321
410
454
422
466
464
412
362
400
299
371
308
465
347
427
358
398
405
389
422
363
346
368
308
388
379
345
436
353
375
355
355
337
357
404
434
383
455
400
373
384
381
383
353
376
356
379
352
357
390
399
430
387
440
535
362
379
434
373
382
355
469
396
390
425
331
381
346
392
413
343
355
472
372
327
455
350
427
320
418
321
365
430
405
361
398
375
398
411
430
317
443
398
390
405
324
330
327
398
426
344
451
406
408
426
481
387
319
394
414
409
387
436
437
395
394
419
352
379
378
364
379
351
379
436
402
397
362
330
387
385
346
359
346
370
318
379
420
330
363
433
345
409
403
353
324
341
376
420
462
404
336
372
367
393
462
448
373
420
398
386
344
383
421
387
336
350
337
395
409
379
380
417
390
432
356
378
382
340
349
405
394
428
387
387
365
379
370
375
438
383
451
338
423
457
371
355
327
370
300
385
382
367
386
386
365
405
387
445
362
428
398
395
409
367
348
356
350
349
398
334
406
416
403
372
372
320
306
412
343
424
357
315
389
314
370
409
463
384
298
440
348
348
349
419
329
299
429
373
400
436
379
353
363
448
393
463
347
377
380
431
492
381
336
509
351
388
382
337
309
474
384
406
332
360
428
347
436
384
364
382
352
426
286
369
422
390
356
390
361
300
378
368
348
438
338
342
357
372
369
401
378
434
373
388
354
377
357
414
371
457
324
392
353
450
350
296
311
389
384
359
378
373
377
439
401
368
436
374
345
440
310
302
382
320
371
402
372
348
317
421
364
389
396
316
387
402
351
425
434
384
410
358
380
388
392
375
427
380
499
361
337
342
351
417
387
424
348
427
394
376
363
340
319
374
473
399
399
461
396
410
388
464
426
347
396
335
390
398
429
393
429
364
401
397
344
435
426
380
374
413
391
349
369
466
417
409
426
374
416
443
373
395
375
338
404
386
331
339
424
376
450
358
436
368
347
434
382
372
378
354
400
320
454
384
343
304
348
377
447
399
342
454
389
357
416
388
311
423
432
423
328
352
360
394
335
347
371
399
382
291
323
416
446
379
403
353
391
425
388
403
342
379
328
413
348
394
365
361
358
314
325
413
335
388
374
389
457
369
300
475
432
347
382
338
356
434
329
390
357
370
354
356
365
418
367
359
392
360
336
363
389
411
393
345
318
364
406
314
370
434
424
407
373
382
344
336
354
368
381
320
379
366
452
431
412
350
423
348
392
403
403
307
338
335
372
396
446
359
371
316
369
377
372
338
342
359
401
388
358
300
389
383
326
374
307
427
400
360
387
416
447
359
354
372
369
361
383
429
466
307
405
363
413
327
397
384
345
348
372
371
481
352
339
369
414
347
422
395
331
457
335
392
426
390
396
369
339
332
416
338
391
381
344
437
289
382
387
358
447
420
360
369
406
319
351
358
321
348
487
322
349
269
414
400
446
364
372
344
356
402
368
411
406
414
384
356
370
380
348
405
377
369
420
373
389
383
330
301
413
377
371
456
365
377
474
391
378
421
365
377
338
388
447
429
288
371
394
433
343
412
456
372
361
418
415
453
334
440
346
346
394
343
422
367
302
387
462
365
377
395
392
364
393
342
288
340
390
437
472
375
428
375
412
404
352
394
330
367
413
401
387
454
383
344
333
394
410
426
410
390
393
344
378
369
374
395
359
437
378
371
430
333
325
334
400
346
359
459
359
413
324
430
416
372
414
395
343
344
381
398
341
406
377
303
427
332
324
378
354
410
411
352
314
352
362
368
310
358
363
367
438
399
364
370
367
427
366
369
351
351
369
359
373
407
348
389
425
398
427
348
377
351
411
390
436
374
436
429
324
368
301
378
401
292
396
365
416
312
342
366
397
390
428
388
369
307
416
341
394
339
357
432
340
377
360
403
372
302
321
343
407
374
376
336
332
371
408
458
403
443
433
362
411
447
442
336
384
402
470
368
346
362
407
363
392
451
369
436
361
323
432
399
408
427
368
412
407
390
387
395
469
462
413
390
433
347
406
352
310
406
360
341
460
443
398
321
350
369
373
429
358
330
336
405
375
375
368
427
382
373
357
465
347
393
378
408
354
393
351
367
457
391
349
332
444
352
429
374
357
419
374
324
379
378
316
428
424
428
380
380
347
347
313
376
452
408
389
361
380
310
345
408
387
317
304
422
387
408
384
384
400
377
335
436
426
347
342
302
315
379
336
353
366
343
397
408
384
375
390
377
377
348
394
308
363
327
429
360
361
385
431
281
401
363
362
394
330
405
383
360
349
344
350
357
360
355
332
426
325
433
375
402
452
390
437
422
383
382
410
327
400
350
345
382
406
431
372
414
413
390
344
389
426
282
371
360
351
306
412
381
412
349
365
421
412
416
437
402
349
381
353
409
408
424
403
409
338
383
384
470
350
320
377
363
354
453
355
400
402
396
365
369
404
399
344
341
404
394
431
379
356
374
415
350
452
387
436
370
510
367
437
325
389
404
387
432
324
407
413
411
390
409
391
367
303
407
382
316
365
374
408
341
371
377
432
367
320
361
376
331
374
475
369
376
363
400
380
362
390
336
403
302
330
319
454
418
389
374
402
434
380
415
413
344
365
413
430
461
348
384
372
440
339
392
369
390
403
324
375
393
308
450
418
308
385
349
367
343
402
357
362
405
423
333
317
435
326
403
424
334
367
374
419
362
386
342
432
408
370
276
358
369
379
289
391
481
357
357
285
323
341
401
383
394
429
337
405
338
358
368
351
399
352
350
367
403
385
362
384
461
368
451
390
451
369
320
449
397
401
443
334
414
341
423
397
349
441
436
422
349
349
379
384
286
363
399
345
322
414
326
448
382
363
404
377
331
346
394
417
422
342
368
380
371
298
406
379
408
420
449
383
393
364
418
391
463
334
358
428
337
412
384
408
348
444
336
407
380
387
321
412
344
365
359
336
408
365
379
442
370
314
382
382
408
499
461
335
404
338
411
354
321
395
437
383
402
413
383
374
374
437
344
387
362
284
400
373
377
348
447
407
391
450
364
342
384
350
307
415
395
407
351
349
367
356
393
371
358
434
416
353
323
300
472
408
413
374
394
432
352
412
387
387
307
347
374
439
378
455
392
403
416
362
421
413
352
416
313
342
350
428
362
430
408
487
483
367
438
345
427
345
380
343
400
392
342
360
468
406
381
320
341
379
454
394
337
347
323
398
356
343
400
437
344
380
406
412
455
399
380
332
413
353
358
303
391
281
409
382
400
369
360
408
323
388
318
453
389
387
375
372
380
312
322
385
359
369
396
363
427
336
428
364
380
343
371
385
472
392
364
424
380
383
390
407
419
384
423
331
413
368
398
336
390
359
423
346
442
391
412
419
377
422
451
377
409
431
378
434
402
346
458
439
349
397
434
418
371
401
424
309
459
417
424
317
385
392
422
407
398
316
415
395
422
396
398
364
370
299
415
352
431
367
402
401
372
389
328
362
338
363
350
368
465
384
423
397
420
426
414
373
351
359
414
341
405
348
358
362
399
438
433
416
332
346
414
349
389
375
380
336
382
293
365
331
355
441
424
384
374
395
347
372
388
402
404
396
388
293
405
362
432
371
354
344
337
362
409
414
302
318
333
438
380
404
348
375
418
429
349
333
495
381
454
359
314
356
373
370
447
336
348
430
386
412
385
413
350
415
377
399
417
369
395
418
377
390
406
396
334
314
289
341
375
385
285
353
382
378
379
441
334
427
397
344
419
368
324
373
346
327
346
383
309
440
404
448
437
402
374
394
348
404
421
366
333
349
409
387
354
332
361
333
369
444
352
417
384
356
413
341
324
402
381
436
424
396
422
309
440
414
395
400
445
356
371
376
360
399
384
426
363
419
390
440
384
420
310
398
367
412
316
396
386
